1|Duke|17|2|6|0|2|0|7|0
2|Michigan|17|3|5|0|6|0|3|0
3|Arizona|16|2|8|0|1|0|7|0
4|Florida|12|6|6|1|3|0|5|0
5|Houston|10|6|9|0|3|0|6|0
6|Iowa St.|8|7|10|0|2|0|7|0
7|Gonzaga|7|2|4|0|11|1|8|0
8|Illinois|7|8|5|0|7|0|5|0
9|Purdue|11|8|6|0|7|0|3|0
10|UConn|7|3|11|1|6|1|5|0
11|Michigan St.|10|6|4|1|7|0|4|0
12|Virginia|8|4|9|1|5|0|7|0
13|Vanderbilt|10|7|7|1|3|0|6|0
14|Nebraska|9|6|6|0|5|0|6|0
15|Arkansas|8|8|8|0|4|0|6|0
16|St. John's (NY)|5|5|11|0|9|1|3|0
17|Louisville|8|10|4|0|4|0|7|0
18|Alabama|7|7|9|2|5|0|2|0
19|Texas Tech|7|9|5|1|7|0|3|0
20|Tennessee|6|10|6|1|3|0|7|0
21|Kansas|9|9|7|1|4|0|3|0
22|Saint Mary's (CA)|1|4|8|1|10|0|7|0
23|BYU|7|10|8|1|3|0|5|0
24|North Carolina|6|8|5|0|8|0|5|0
25|Wisconsin|9|8|4|1|5|1|6|0
26|Utah St.|4|4|9|1|9|1|5|0
27|Iowa|5|9|4|1|6|2|6|0
28|Kentucky|5|11|7|2|3|0|6|0
29|Ohio St.|5|11|4|1|6|0|6|0
30|UCLA|5|8|5|3|6|0|7|0
31|Saint Louis|2|1|6|3|6|1|13|0
32|Miami (FL)|6|6|6|2|3|0|10|0
33|Georgia|6|7|6|2|1|1|9|0
34|Clemson|6|6|7|4|4|0|7|0
35|Villanova|2|6|8|1|9|1|5|0
36|NC State|5|8|6|4|5|0|4|1
37|SMU|4|9|5|4|5|0|6|0
38|Auburn|4|13|3|2|4|1|6|0
39|TCU|6|7|7|2|2|1|7|1
40|Santa Clara|2|6|6|1|10|0|7|1
41|Indiana|3|10|3|4|5|0|7|0
42|Texas|6|9|1|4|3|1|7|0
43|VCU|2|4|5|3|9|0|11|0
44|Texas A&M|5|8|4|3|4|0|8|0
45|South Fla.|2|3|6|2|7|3|9|0
46|New Mexico|2|7|6|1|4|2|10|0
47|San Diego St.|3|8|6|2|6|1|6|0
48|Oklahoma|4|10|6|5|2|0|7|0
49|Cincinnati|3|11|5|3|3|0|7|1
50|Baylor|4|12|3|4|3|0|5|0
51|UCF|5|8|6|3|4|0|6|0
52|Tulsa|0|1|3|4|9|2|12|0
53|Seton Hall|1|6|7|4|7|2|6|0
54|Akron|0|2|0|2|11|1|16|0
55|Virginia Tech|2|10|6|3|4|0|7|0
56|McNeese|0|2|2|2|8|0|16|1
57|Washington|2|12|4|3|5|2|5|0
58|Missouri|5|7|4|5|3|0|8|0
59|West Virginia|5|9|2|4|3|1|8|0
60|Boise St.|2|6|6|3|8|1|3|1
61|Stanford|5|6|4|2|4|4|7|0
62|Florida St.|3|9|6|5|2|0|7|1
63|Belmont|1|0|5|2|10|3|9|1
64|Miami (OH)|0|0|3|0|10|0|15|1
65|Northwestern|2|13|2|5|6|1|5|0
66|Wake Forest|1|10|6|5|3|1|7|0
67|California|4|6|2|4|6|1|8|0
68|Yale|0|1|1|0|12|4|9|1
69|Dayton|1|6|7|2|7|2|8|1
70|Nevada|1|6|5|4|11|0|5|2
71|Grand Canyon|3|5|3|4|4|2|10|1
72|UNI|0|2|4|5|7|5|11|0
73|Arizona St.|6|11|4|3|3|1|4|1
74|Oklahoma St.|2|11|8|3|2|0|7|0
75|High Point|0|0|0|2|5|2|22|0
76|Colorado|1|10|5|4|7|1|4|0
77|LSU|1|12|3|3|3|2|8|0
78|Wichita St.|2|4|4|3|4|3|11|1
79|Southern California|1|10|7|3|6|1|3|0
80|Providence|1|8|3|8|7|2|4|0
81|Minnesota|4|11|3|1|1|5|7|0
82|Ole Miss|5|14|2|2|1|4|7|0
83|Creighton|2|8|3|6|5|3|5|0
84|Butler|2|6|3|8|6|2|5|0
85|Utah Valley|0|2|0|2|10|2|12|2
86|Syracuse|1|11|4|3|3|3|7|0
87|Colorado St.|3|5|3|5|5|1|9|1
88|Hofstra|0|1|2|2|10|4|10|3
89|SFA|0|1|2|1|5|2|19|1
90|Georgetown|1|9|4|6|5|3|6|0
91|George Washington|1|5|0|5|7|2|9|3
92|George Mason|0|2|2|3|11|4|9|0
93|Marquette|1|9|2|8|5|3|4|0
94|Notre Dame|2|10|2|6|3|1|6|1
95|Illinois St.|1|2|4|4|7|5|7|1
96|UNCW|0|0|0|1|8|3|16|2
97|Xavier|0|9|4|8|5|1|6|0
98|California Baptist|0|1|2|4|5|3|18|0
99|Wyoming|1|7|1|5|3|2|12|0
100|Kansas St.|0|14|5|5|2|1|5|0
101|Hawaii|0|0|0|4|8|2|14|2
102|DePaul|1|5|4|8|5|2|6|1
103|St. Thomas (MN)|0|1|0|2|6|2|15|4
104|Pittsburgh|2|10|3|6|3|3|5|1
105|Murray St.|0|3|4|5|6|4|10|0
106|Liberty|1|1|1|0|9|4|11|2
107|Sam Houston|0|2|0|2|10|6|9|1
108|South Carolina|0|13|3|5|1|1|9|0
109|Oregon|1|15|2|2|3|3|6|0
110|UIC|1|2|3|5|6|7|7|1
111|UNLV|4|5|5|4|2|4|5|3
112|Mississippi St.|1|12|4|5|3|2|5|0
113|Bradley|0|2|3|5|9|4|8|1
114|North Dakota St.|0|0|0|1|5|4|19|2
115|Davidson|0|4|3|3|6|5|9|1
116|Pacific|0|7|0|3|4|5|12|0
117|UC Irvine|0|0|1|4|6|7|14|0
118|UAB|2|1|2|2|6|7|9|2
119|San Francisco|0|6|3|4|6|3|7|3
120|Southern Ill.|3|1|2|6|3|8|7|1
121|Saint Joseph's|0|4|2|3|9|2|9|2
122|Seattle U|1|5|1|1|3|6|13|1
123|Fla. Atlantic|0|2|1|7|8|4|7|2
124|UC San Diego|0|1|1|1|9|6|11|3
125|Troy|1|0|2|1|4|7|13|3
126|UTRGV|0|4|1|2|2|2|14|6
127|Wright St.|0|1|0|2|5|6|16|2
128|Montana St.|0|3|0|1|8|6|7|4
129|William & Mary|0|1|2|2|4|6|12|3
130|Toledo|0|3|1|3|4|7|12|2
131|Winthrop|0|4|1|2|3|1|16|4
132|Utah|1|13|2|6|2|2|5|1
133|Duquesne|0|6|2|4|5|4|9|1
134|Rutgers|0|13|2|5|7|0|5|1
135|Memphis|0|6|2|6|5|4|6|3
136|North Texas|0|3|2|5|6|3|9|3
137|Navy|0|1|0|2|1|1|23|3
138|Maryland|1|15|3|3|3|3|5|0
139|Penn|0|2|1|4|6|3|10|2
140|ETSU|0|2|0|0|2|4|19|5
141|Kent St.|0|2|1|3|9|3|12|1
142|Penn St.|2|12|0|4|3|4|7|0
143|UC Santa Barbara|0|1|1|3|3|7|12|3
144|St. Bonaventure|0|3|3|5|5|5|8|4
145|Idaho|0|0|0|3|9|8|9|3
146|Washington St.|0|4|0|10|4|4|7|2
147|Portland St.|0|1|0|3|8|4|9|3
148|Robert Morris|0|1|1|0|8|3|11|7
149|Northern Colo.|0|1|1|1|7|6|9|4
150|Cornell|0|2|1|3|2|6|10|2
151|Harvard|1|1|0|1|5|7|10|3
152|Rhode Island|2|0|2|7|4|5|8|4
153|Fresno St.|0|7|0|8|5|2|7|2
154|Arkansas St.|0|2|0|2|9|1|9|7
155|Kennesaw St.|0|1|0|3|6|5|12|4
156|Valparaiso|0|4|2|6|6|3|9|2
157|Bowling Green|0|1|1|4|4|6|10|3
158|Boston College|0|8|1|6|5|3|5|3
159|Towson|0|3|0|3|6|6|11|3
160|Western Ky.|0|2|2|2|2|9|12|1
161|UT Arlington|0|2|1|4|5|5|10|3
162|Col. of Charleston|0|1|2|3|4|6|14|1
163|Middle Tenn.|0|2|0|4|8|5|6|4
164|Austin Peay|0|1|0|3|2|3|18|2
165|Richmond|1|2|0|5|7|7|6|3
166|Central Ark.|0|4|0|0|3|3|17|5
167|Temple|0|2|2|3|2|9|11|2
168|Monmouth|0|1|0|4|8|4|10|6
169|Georgia Tech|1|10|0|5|1|5|9|0
170|Oregon St.|1|4|1|4|10|5|5|3
171|Marshall|0|1|1|3|6|4|11|5
172|Tennessee St.|0|2|1|0|3|1|16|6
173|Charlotte|0|5|0|5|5|5|11|2
174|Fordham|0|3|2|3|4|4|8|5
175|Oakland|0|6|0|1|7|3|8|6
176|Utah Tech|0|3|0|6|5|3|11|3
177|Cal St. Fullerton|0|3|1|3|6|8|9|2
178|UC Davis|1|0|0|5|6|8|10|1
179|LMU (CA)|0|3|1|4|6|5|7|5
180|Merrimack|0|2|0|1|4|6|19|2
181|Marist|0|0|0|1|0|8|18|3
182|Mercer|0|3|0|1|2|5|14|4
183|Siena|0|1|0|0|2|6|21|4
184|Northern Ky.|0|1|0|1|2|8|15|4
185|Columbia|0|3|0|1|4|5|10|3
186|Furman|0|1|0|2|5|5|14|4
187|South Alabama|0|0|1|2|7|5|11|4
188|CSUN|0|2|1|3|8|5|9|4
189|Queens (NC)|0|5|0|1|2|3|18|4
190|New Mexico St.|0|0|1|2|6|8|6|6
191|A&M-Corpus Christi|0|4|1|4|0|4|13|3
192|App State|0|1|2|0|2|6|13|6
193|Lipscomb|0|4|0|0|2|4|15|5
194|Montana|0|3|1|1|7|7|7|4
195|Buffalo|0|2|1|4|3|4|11|5
196|UMBC|0|2|0|2|0|1|22|3
197|FIU|0|2|0|3|4|6|8|6
198|LIU|0|2|0|2|1|3|23|3
199|Drake|0|2|2|7|5|10|5|1
200|Campbell|0|4|2|3|3|8|9|3
201|Massachusetts|0|2|2|1|5|8|9|5
202|Weber St.|0|1|0|5|4|6|10|4
203|Howard|0|2|1|2|1|0|17|6
204|Eastern Wash.|0|2|1|3|4|12|8|2
205|UT Martin|0|1|2|1|0|3|17|6
206|Missouri St.|0|1|0|3|5|9|8|5
207|Tulane|0|2|2|4|5|8|10|1
208|James Madison|0|2|1|1|5|5|11|7
209|Louisiana Tech|0|1|1|1|4|10|12|2
210|South Dakota St.|0|2|0|5|1|5|10|6
211|Drexel|0|0|0|4|4|8|12|4
212|Quinnipiac|0|2|1|2|4|3|13|6
213|Indiana St.|0|3|1|6|2|9|6|3
214|Southern Miss.|0|1|0|4|4|7|13|4
215|New Orleans|1|3|2|4|1|5|11|6
216|Jacksonville St.|0|0|0|2|5|9|7|6
217|Samford|0|2|0|1|4|6|12|5
218|Green Bay|0|1|0|4|4|7|12|3
219|Youngstown St.|1|0|0|3|2|7|9|7
220|Ga. Southern|0|1|0|0|5|7|14|8
221|Detroit Mercy|0|1|1|4|3|6|11|4
222|Portland|1|4|0|6|5|7|7|2
223|Elon|0|2|2|1|2|7|8|8
224|Southeast Mo. St.|0|3|0|0|2|1|15|9
225|Cal Poly|0|1|3|4|4|8|5|6
226|Colgate|0|3|0|0|2|5|14|7
227|Vermont|0|0|0|1|0|6|20|5
228|Western Caro.|0|5|0|0|4|4|9|7
229|Coastal Carolina|0|1|2|1|4|4|12|7
230|Tarleton St.|0|3|0|4|2|4|8|7
231|Ohio|0|3|0|4|4|7|9|3
232|Stony Brook|0|1|0|3|4|8|11|3
233|Saint Peter's|0|2|0|1|3|3|13|6
234|San Diego|0|4|1|5|4|6|5|6
235|Texas St.|0|0|0|1|3|8|14|4
236|Idaho St.|0|2|0|3|4|10|6|5
237|Iona|0|1|0|1|3|4|15|8
238|Eastern Mich.|1|2|0|6|1|7|7|6
239|UNC Asheville|0|2|0|6|0|4|12|5
240|Fairfield|0|1|0|0|2|6|18|6
241|Denver|0|3|3|3|2|3|7|8
242|Charleston So.|0|2|0|3|3|3|9|9
243|Rice|0|2|1|4|4|6|6|6
244|San Jose St.|0|7|2|10|0|7|6|0
245|La Salle|0|3|1|8|3|11|4|1
246|Wofford|0|1|0|2|3|4|14|6
247|FGCU|0|3|0|0|2|7|12|8
248|Abilene Christian|0|2|0|5|2|7|9|5
249|Princeton|0|3|1|0|2|11|5|6
250|Nicholls|0|3|1|5|2|5|10|6
251|Lamar University|0|3|0|3|1|5|9|8
252|Radford|0|3|0|4|0|4|13|5
253|Milwaukee|0|4|0|2|2|7|9|7
254|Purdue Fort Wayne|0|3|1|2|4|5|9|5
255|Old Dominion|0|2|0|4|3|9|8|6
256|American|0|3|0|2|2|2|12|9
257|Long Beach St.|0|2|1|3|1|12|6|5
258|Omaha|0|0|0|5|2|6|10|6
259|SIUE|0|1|0|0|2|2|14|10
260|Presbyterian|0|3|0|3|2|3|10|9
261|Bethune-Cookman|0|8|0|0|1|0|15|7
262|Lindenwood|0|3|0|0|1|3|14|9
263|Boston U.|0|1|0|0|2|6|14|10
264|Morehead St.|0|3|0|1|1|4|16|5
265|Dartmouth|0|2|0|3|4|4|5|7
266|Longwood|0|2|0|3|1|3|12|8
267|East Carolina|0|3|1|4|2|6|7|7
268|UTEP|0|1|0|4|3|10|5|5
269|Sacramento St.|0|3|0|3|2|13|5|2
270|Hampton|0|1|0|3|2|8|9|7
271|North Dakota|0|2|1|3|2|5|12|7
272|Southern Utah|0|3|0|2|2|12|5|5
273|UC Riverside|0|3|0|5|2|9|6|5
274|Pepperdine|0|6|0|2|2|10|5|5
275|Lehigh|0|2|0|1|1|5|15|8
276|N.C. A&T|0|0|0|4|3|8|6|7
277|Mercyhurst|0|3|0|2|0|3|15|9
278|Southern U.|0|5|0|2|0|1|14|9
279|Loyola Chicago|1|3|0|7|3|10|5|4
280|Central Mich.|0|4|0|3|3|6|5|8
281|Mount St. Mary's|0|3|0|0|2|7|12|7
282|UIW|0|3|1|4|1|3|7|9
283|Western Mich.|0|4|0|3|2|7|7|6
284|South Dakota|0|1|0|5|1|4|12|6
285|Bellarmine|0|2|0|3|0|5|11|9
286|Northeastern|0|1|0|3|3|10|4|10
287|Delaware|0|1|1|2|5|7|4|10
288|Chattanooga|0|2|0|1|2|4|8|12
289|Central Conn. St.|0|1|1|0|1|3|14|8
290|Le Moyne|0|1|0|1|1|5|13|10
291|Eastern Ky.|0|1|0|3|1|7|8|10
292|UNC Greensboro|0|1|0|2|1|7|12|9
293|Sacred Heart|0|1|0|1|2|7|11|10
294|Houston Christian|0|2|0|4|1|5|9|9
295|Southeastern La.|0|1|0|7|2|4|6|10
296|Brown|0|1|0|2|0|9|7|6
297|Jacksonville|0|4|0|1|0|6|10|9
298|West Ga.|0|3|1|0|0|4|12|10
299|Ball St.|0|2|0|3|0|8|10|6
300|Prairie View|0|3|0|2|0|1|14|11
301|Northwestern St.|0|4|0|4|1|4|7|10
302|Wagner|0|2|0|1|0|5|11|9
303|USC Upstate|0|3|0|4|1|3|9|9
304|East Texas A&M|0|4|0|4|1|3|8|10
305|Grambling|0|2|0|1|1|3|11|13
306|Evansville|0|3|0|10|4|8|1|4
307|Georgia St.|0|2|0|0|3|10|5|10
308|Tennessee Tech|0|2|0|0|1|5|9|11
309|Little Rock|0|1|0|3|0|6|10|10
310|Alabama A&M|0|2|0|1|0|2|15|10
311|Oral Roberts|0|3|0|4|2|6|5|10
312|Florida A&M|0|4|0|0|0|3|13|9
313|Louisiana|0|3|0|1|2|9|9|9
314|Stetson|0|3|0|1|0|8|10|9
315|Northern Ariz.|0|2|0|2|2|11|5|7
316|Ark.-Pine Bluff|0|6|1|1|0|3|10|9
317|Cleveland St.|0|2|1|2|1|10|6|8
318|Norfolk St.|0|2|0|1|0|5|11|9
319|Eastern Ill.|0|3|0|1|0|5|10|11
320|IU Indy|0|2|0|2|3|6|2|15
321|UMass Lowell|0|3|0|1|0|7|12|7
322|Texas Southern|0|4|0|1|0|2|10|11
323|Lafayette|0|2|0|1|1|6|9|12
324|Alabama St.|0|4|1|3|0|1|8|14
325|New Haven|0|3|0|0|0|4|11|10
326|UAlbany|0|0|0|4|1|8|7|9
327|NJIT|0|3|0|1|2|6|13|7
328|Loyola Maryland|0|1|0|2|0|6|10|11
329|Manhattan|0|1|0|2|1|7|10|10
330|CSU Bakersfield|0|2|0|4|3|10|3|8
331|Holy Cross|0|1|0|2|1|4|8|15
332|Stonehill|0|1|0|2|0|4|10|14
333|Bucknell|0|3|0|1|0|8|10|11
334|FDU|0|2|0|2|0|4|8|13
335|NIU|0|5|0|2|1|8|6|6
336|Army West Point|0|1|0|1|1|7|8|12
337|North Florida|0|5|0|0|0|4|5|16
338|North Ala.|0|1|1|1|1|6|5|13
339|Maine|0|1|0|2|0|7|7|14
340|Chicago St.|0|3|0|4|0|5|6|13
341|Niagara|0|2|0|1|0|5|7|14
342|N.C. Central|0|5|0|0|0|4|10|9
343|Canisius|0|2|0|1|0|7|9|11
344|UTSA|0|3|0|4|1|8|2|10
345|Southern Ind.|0|0|0|1|1|5|4|17
346|The Citadel|0|0|0|2|0|10|8|10
347|Jackson St.|0|7|0|0|0|3|12|11
348|New Hampshire|0|3|0|2|0|5|7|11
349|Alcorn|0|4|0|3|0|4|9|12
350|Air Force|0|7|0|9|0|8|3|5
351|UMES|0|5|0|1|0|2|7|15
352|Morgan St.|0|1|0|3|1|1|10|11
353|Saint Francis|0|3|0|2|0|4|5|15
354|Bryant|0|3|0|0|0|8|7|11
355|ULM|0|1|0|4|0|9|2|14
356|South Carolina St.|0|3|0|2|0|4|8|13
357|Rider|0|4|0|1|0|7|3|13
358|Kansas City|0|4|0|3|0|5|1|15
359|VMI|0|2|0|0|0|9|3|15
360|Binghamton|0|0|0|3|0|2|5|18
361|Gardner-Webb|0|3|0|6|0|6|2|13
362|Delaware St.|0|1|0|3|0|4|5|14
363|Coppin St.|0|3|0|3|0|5|6|13
364|Western Ill.|0|1|0|1|0|4|2|20
365|Mississippi Val.|0|4|0|4|0|1|2|21